   289         198         140         259         257         274
   174         242         211         126         248         211
   276         199         259         267         254         283
   181         237         126         183         111         231
   359         140         267         313         274         310
   363         211         183         192         211         276
   198         259         278         313         80         174
   242         126         350         309         231         223
   199         267         262          70         90          310
   237         183         284         375         276         265
   140         313         310         217         174         289
   211         192         236         211         223         216
   259         313         275         283         273         224
   126         309         413         231         66          135
   267          70         257         183         289         302
   183         375         248         278         216         302
   313         217         254         287         79          197
   192         211         321         167         135         263
   313         267         308         241         193         279
   309         278         266         224         260         251
    70         350         175         135         150         371
   375         262         252         279         231         180
   217         284         163         260         183         235
   211         310         177         150         278         369
   267         236         281         231         287         195
   204         213         205         254         184         250
    92         341         314         247         250         250
   126         241         296         126         100         282
   170         283         195         183         257         399
   115         198         161         148         70         327
   213         251         158         158         229         232
   341         127         263         229          77         260
   241         206         184         218         180         310
   283         240         210         201         171         257
   198         216         211         242         80          216
   251         264         239         273         186         229
   127         106         269         268         250         242
   206         205         255         237         150         282
   240         314         170         257         227         252
   216         296         102         278         258         232
   264         195         257         275         315         165
   106         161         184         215         143         285
   205         158         210         183         232         185
   314         263         211         205         265         165
   296         184         239         205         285         171
   195         210         269         137         185         269
   161         211         255         258         265         219
   158         239         170         154         171         208
   263         269         102         222         170         270
   184         255         257         254         219         184
   210         170         184         247         208         239
   211         102         178         126         170         187
   239         257         329         183         184         211
   269         278         228         148         354         330
   255         275         338         158         262         439
   170         215         236         229         250         271
   102         183         282          77         290         200
   257         205         227         310         257         259
   184         205         248         171         50          280
   178         137         240         252         229         248
   329         258         287         186         223         235
   228         315         134         250         213         131
   338         143         159         290         90          212
   236         232         266         257         228         226
   282         165         266         216         253         240
   227         285         247         229         70          256